100
801  227  80
793  26  53
628  0  0
456  19  195
443  90  51
519  13  42
211  71  250
355  168  203
48  142  389
309  15  43
474  91  25
695  107  390
603  142  75
325  52  153
82  46  19
244  0  0
93  0  0
696  176  226
129  274  53
194  83  219
928  165  23
195  0  0
345  103  116
299  383  48
6  274  88
1004  110  56
758  309  245
139  2  109
19  135  176
735  63  283
754  0  0
413  104  256
60  272  21
876  394  390
712  77  52
872  191  26
658  222  292
777  89  2
136  0  0
283  183  122
949  79  189
41  25  291
331  157  137
304  289  359
678  337  118
829  68  266
143  47  216
441  198  44
23  86  126
535  0  0
412  147  327
138  174  138
813  210  201
383  20  322
357  174  95
890  303  178
50  284  274
470  284  101
268  203  228
810  0  0
973  386  141
689  135  273
431  217  92
368  356  121
704  129  70
941  262  234
505  161  391
354  259  83
978  334  127
789  134  113
77  122  105
765  116  388
58  87  321
969  165  376
408  136  88
596  83  269
909  21  10
853  0  0
933  0  0
365  40  143
451  142  365
191  380  18
688  109  165
791  306  109
471  189  261
487  27  314
4  15  108
290  33  395
422  119  88
848  4  226
125  330  129
572  66  171
1006  0  0
864  108  86
666  70  286
561  0  0
447  192  275
342  142  269
726  348  213
350  128  195
